t0
3.0 3.0 0.0 0.0
0.5233167319025955 5.581299642933552 -0.818067073096955 -0.5508256471212015
5.634072096075124 4.408395608701382 -1.3206023841160268 0.9814285829291503
4.010056329603118 2.365054421817266 -0.26351749455479684 -0.24557034615133758
3.492717587277456 4.300933947154119 0.14965106426601657 -0.5400178933258115
0.6740057555359792 4.275881289549013 -0.8871533754384486 0.5087622819664395
5.669883409756953 3.268437211437556 -1.8357050294270978 0.2504076713316512
1.8050494568822966 3.3237517149869533 0.0706622993767514 -0.24164519244745356
5.252815780138867 0.8777629492730894 0.6108482402243216 -1.5632423401273918
0.7863978885983853 3.5046628021663437 -0.06990172247444697 0.007290187232160808
1.8081722397545772 2.8919661652704995 -0.2324292415924199 0.9531414023646863
2.048606147258535 4.615399212544892 -0.7937817524083276 1.5219859329472576
0.7087294588268711 2.9276763664644996 -0.8960505949664538 -0.14725802443160774
0.9263276659975621 5.741300584301629 -0.7295696673513263 0.8960857324143303
5.458941990002176 5.737250990397014 -0.20676846976777744 -0.2185860006512657
1.5241500482181893 0.6265726884720689 -1.019995546155378 0.3931094655312586
5.207368180238725 1.9766261712022304 -1.1109543398713349 0.38090353029236
1.7392590479998333 2.215176854753942 1.6437271544858147 0.7573811244040568
2.1536176655594073 5.415042012949386 0.01794504093275 0.1053461986283465
2.626944672184557 1.8302884198679075 0.7386448335145929 -0.2963854507101384
4.943423630154304 2.5706424276530977 0.6159906217277387 1.127851969360617
4.816606113506165 4.121324051235477 -1.319661504306367 -0.9886852225822591
2.220325829474816 0.34381145337238567 -0.5758143453063153 0.10845196300885351
3.1933069812658954 1.354041769523395 0.6262911965385284 -1.8842518284016232
3.6540882354961335 1.345399522025129 -1.4357867373806077 -0.49709836640527005
3.7573878241777487 1.8418967982315182 -0.2068478760237531 0.08225939369693328
4.528083753687711 2.6988325083793825 0.23238101939467898 1.0970328947395975
0.9573482757168041 0.745367180412903 -1.4267282486135802 1.3993912628294036
2.039272483077206 1.054506721870044 -0.8769662400403004 -0.3762111109553758
1.231195966840839 3.4756154780749933 0.6056018755449707 -0.4179402847748615
4.1721912935075025 1.3931639295060358 0.3869794945411054 1.1986661778487635
2.8181622874345393 3.890280951887092 -0.9960688872613241 -0.9623533713934261
4.518133159280469 4.96494333866689 -0.9638054864278564 0.2796285567409947
4.915138600779964 3.4093828677125275 -1.7305499532244146 -0.21152615199717462
4.300702672210527 1.0094189130200903 -0.19332549026997953 1.048557894079591
0.4356366559163479 0.7028343479429433 -0.8088856838693046 -1.7311380326878143
3.1048696219679752 4.184285422704677 0.05264080594012313 -0.1379019915213129
0.9817251215377756 2.151755864380911 1.100834962312642 0.8962426255713524
0.8376668144367099 1.4534216106687972 0.19383136168131002 1.080936466259151
4.72761140104597 1.752951060077575 -1.288685955776521 0.4646546978802546
3.3675563098338075 4.8011299527632465 -1.2877854242900661 -0.32945443361300564
3.5310399473133733 3.8850188837278425 -0.00642276024229171 -1.5032733927092357
5.554133950772932 2.68903381816603 0.013867218853212708 -0.7177115407397472
2.5825451855027497 1.279420116958834 0.031032215074202906 -1.5630457625490164
4.608871421823518 5.474626134519113 1.8983979273890506 -0.607134189960667
1.726392524439498 1.7386094627752118 -0.01786221633407888 -0.5223088651537301
5.405083514288473 5.13963206313287 -1.9433992615869693 -0.360412267243608
5.5838291254271635 0.3905213854643897 -0.2830730882624739 0.07821581445837035
1.3866636252397773 5.451224494609063 -1.2345844314197272 0.15760851859081684
4.336335761783306 4.598777259473165 0.3882804435722269 -0.08519455194752504
4.625387898630909 0.24902360849942282 -0.34250095931657387 -0.71554759849313
2.663306570575085 5.129739569160976 -0.060780707399763684 -0.7246877593140696
3.3569903251724327 5.434044701521587 0.28432322920041375 -1.0680702643072384
4.868419651092186 4.737256950437861 -0.3808417693806714 0.9509738854838061
2.974169858680469 0.5049332287988068 0.9096314418729736 -1.3836239366874175
0.2423997652618562 4.1551538583944545 1.6199386687874555 1.1314144979000524
1.4828717363868222 1.3574845981835002 -1.3088856031920668 0.29176255156582187
4.427246240636415 2.2791965256771305 -0.1582078841528038 -1.9365999174847233
0.36614871610511895 5.055343599179195 0.47085854387847953 0.3216727816062471
2.2062439186221705 2.324146171674192 -1.0178756273749436 0.7253854234163171
3.771661804089125 5.744140449981229 0.763293529228428 -1.673919330224965
3.638275406279338 0.3535381422803846 -0.6136248754022542 0.31081422155116106
5.7949273173413 1.5867210664573392 1.3718131961082842 -0.5703298887424069
5.181353520178851 1.5034734149082376 -0.33213544230131214 -0.27719700347981424
4.017497463167783 4.9726581163414165 0.9948234598327994 -0.20132244263800583
3.693725905048611 0.9235105782403239 -0.5602083430439073 -1.8413845607646726
0.2641251317621641 1.8122322356410991 -1.9111759330382936 0.19368524363095507
1.1658559750361737 5.030349647956794 -0.38238116828837726 0.19675501332753925
4.377445357646941 3.4927860371982846 -0.900548876784693 0.8114237476215483
4.983595692269257 5.200005134420271 -1.7810592899133628 -0.8543763027169801
5.128182009190488 0.3002945214565246 0.01977010098348962 -0.001288828521111357
2.6431601780202625 4.402906919708241 0.10094342223836346 1.1409846432681854
4.318839227601955 4.045005555392719 0.1340809434955994 -0.5786057267638554
5.61371389402691 3.9867653328649455 -0.45789429461051084 1.7723996119902463
5.379528703427002 3.6308784175182787 0.054690450261962266 1.7595127520272262
1.9937039503800402 3.966708811105145 1.4231394882658217 -0.15327658748498896
1.2001896460894765 2.814651904421966 0.9853439386095499 -1.1057637115315473
4.001739536972644 2.7965300182919504 0.243708431314542 0.07059328343888896
4.045203208894394 0.6332995443163688 -0.1947260357984782 1.5343813966138165
3.8574390741800118 3.4971065352135318 -1.8656624306357807 0.13169606520533328
1.736198166773619 4.306015198413127 0.5312776290680883 1.5367385619035043
1.257722710049095 1.7316300402350895 -0.8746979719271685 0.6274080707147547
0.3392255955491746 3.5380767422961696 -1.8089546754966 -0.6071386072401999
1.6975987071516412 5.193184111548504 1.3308371440667421 1.114205051363084
5.635639658948311 2.172212223437652 0.8982186804539216 -1.0668011418262497
4.293542167217329 3.0810661544178375 1.2099978858174547 0.4411997873572368
0.42315055749577385 2.4581684888558573 0.5195172329279718 0.12012514042987392
1.3334256098408332 0.24456733713770096 -0.7638036444647607 1.8318653205608104
4.7742987041330425 1.2950644879949798 -0.17851535413058556 0.2821839478482347
0.3813825460665162 1.1855992518641831 0.2879565395594663 0.977693546037984
2.8265060611906514 5.56447226644467 1.352456041604548 0.1838034509585479
0.7236947105865243 4.8603799343617204 -0.4496278426340508 0.44803732455359807
3.8576758839948497 4.511782410950169 0.29344278223037573 1.0616569752744718
1.0293270799808436 3.8608247562749565 0.8966990902252594 -0.4951586055341073
5.0029056569228345 5.614453499914495 0.908227493761689 0.3765463911546502
0.32918994079444397 3.0904036325610247 -1.2234884273974818 -0.626121155592861
1.2871055431162464 4.395807403718462 1.2270412659084704 -0.12244900131789906
2.7800341039371816 0.8569328996193999 -1.1011115665851032 1.3724512574879257
2.2691855538411043 3.541576328885046 1.448129577034312E-4 0.0024986961996299054
3.222361029251373 0.9227571271044053 0.7596806565205981 0.05186780064840576
2.390404126936563 4.0427632625532395 1.6736296491003326 -0.42263439891533583
